0,0,0
9,72,0
10,104,0
13,104,0
32,256,0
33,264,0
34,272,0
35,280,0
36,288,0
37,296,0
38,304,0
39,312,0
40,320,0
41,328,0
42,336,0
43,344,0
44,352,0
45,360,0
46,368,0
47,376,0
48,384,0
49,392,0
50,400,0
51,408,0
52,416,0
53,424,0
54,432,0
55,440,0
56,448,0
57,456,0
58,464,0
59,472,0
60,480,0
61,488,0
62,496,0
63,504,0
64,0,8
65,8,8
66,16,8
67,24,8
68,32,8
69,40,8
70,48,8
71,56,8
72,64,8
73,72,8
74,80,8
75,88,8
76,96,8
77,104,8
78,112,8
79,120,8
80,128,8
81,136,8
82,144,8
83,152,8
84,160,8
85,168,8
86,176,8
87,184,8
88,192,8
89,200,8
90,208,8
91,216,8
92,224,8
93,232,8
94,240,8
95,248,8
96,256,8
97,264,8
98,272,8
99,280,8
100,288,8
101,296,8
102,304,8
103,312,8
104,320,8
105,328,8
106,336,8
107,344,8
108,352,8
109,360,8
110,368,8
111,376,8
112,384,8
113,392,8
114,400,8
115,408,8
116,416,8
117,424,8
118,432,8
119,440,8
120,448,8
121,456,8
122,464,8
123,472,8
124,480,8
125,488,8
126,496,8
127,504,8
160,256,0
161,464,40
162,136,48
163,152,48
164,456,40
165,224,8
166,128,48
167,104,48
168,328,48
169,224,48
170,288,32
171,392,64
172,504,40
173,488,64
174,232,48
175,384,32
176,248,24
177,16,48
178,488,40
179,496,40
180,352,48
181,448,48
182,112,48
183,192,80
184,480,64
185,480,40
186,472,40
187,400,64
188,456,48
189,464,48
190,472,48
191,480,48
192,0,72
193,8,72
194,16,72
195,24,72
196,32,72
197,40,72
198,48,72
199,56,72
200,64,72
201,72,72
202,80,72
203,88,72
204,96,72
205,104,72
206,112,72
207,120,72
208,128,72
209,136,72
210,144,72
211,152,72
212,160,72
213,168,72
214,176,72
215,0,48
216,184,72
217,200,72
218,208,72
219,216,72
220,224,72
221,232,72
222,248,72
223,504,72
224,256,72
225,264,72
226,272,72
227,280,72
228,288,72
229,296,72
230,304,72
231,312,72
232,320,72
233,328,72
234,336,72
235,344,72
236,352,72
237,360,72
238,368,72
239,376,72
240,384,72
241,392,72
242,400,72
243,408,72
244,416,72
245,424,72
246,432,72
247,8,48
248,440,72
249,456,72
250,464,72
251,472,72
252,480,72
253,488,72
254,504,64
255,496,72
256,16,56
257,16,64
258,24,56
259,24,64
260,32,56
261,32,64
262,40,56
263,40,64
264,368,56
265,368,64
266,48,56
267,48,64
268,56,56
269,56,64
270,64,56
271,64,64
272,128,72
273,384,72
274,72,56
275,72,64
276,80,56
277,80,64
278,88,56
279,88,64
280,96,56
281,96,64
282,80,56
283,80,64
284,376,56
285,376,64
286,104,56
287,104,64
288,112,56
289,112,64
290,120,56
291,120,64
292,400,96
293,400,104
294,128,56
295,128,64
296,408,96
297,408,104
298,136,56
299,136,64
300,416,96
301,416,104
302,144,56
303,144,64
304,152,56
305,160,64
306,168,56
307,168,64
308,424,96
309,424,104
310,176,56
311,176,64
312,392,56
313,184,56
314,184,64
315,192,56
316,192,64
317,200,56
318,200,64
319,432,96
320,432,104
321,208,56
322,208,64
323,216,56
324,216,64
325,224,56
326,224,64
327,232,56
328,232,64
329,336,64
330,440,96
331,440,104
332,448,96
333,448,104
334,456,96
335,456,104
336,240,56
337,240,64
338,192,72
339,448,72
340,248,56
341,248,64
342,464,96
343,464,104
344,256,56
345,256,64
346,264,56
347,264,64
348,472,96
349,472,104
350,272,56
351,272,64
352,0,56
353,0,64
354,360,56
355,360,64
356,280,56
357,280,64
358,480,96
359,480,104
360,488,96
361,488,104
362,288,56
363,288,64
364,496,96
365,496,104
366,296,56
367,296,64
368,304,56
369,304,64
370,312,56
371,312,64
372,504,96
373,504,104
374,256,32
375,264,32
376,240,72
377,320,56
378,320,64
379,328,56
380,328,64
381,8,56
382,8,64
383,376,48
402,336,56
711,200,80
728,208,80
729,216,80
730,0,96
731,224,80
732,232,80
894,504,56
900,336,48
901,368,48
902,408,56
903,192,80
904,416,56
905,424,56
906,432,56
908,440,56
910,448,56
911,456,56
912,480,56
913,0,80
914,8,80
915,16,80
916,24,80
917,32,80
918,40,80
919,48,80
920,56,80
921,64,80
922,72,80
923,80,80
924,88,80
925,96,80
926,104,80
927,112,80
928,120,80
929,128,80
931,136,80
932,144,80
933,152,80
934,160,80
935,168,80
936,176,80
937,184,80
938,464,56
939,472,56
940,408,64
941,416,64
942,424,64
943,432,64
944,488,56
945,256,80
946,264,80
947,272,80
948,280,80
949,288,80
950,296,80
951,304,80
952,312,80
953,320,80
954,328,80
955,336,80
956,344,80
957,352,80
958,360,80
959,368,80
960,376,80
961,384,80
962,496,56
963,392,80
964,400,80
965,408,80
966,416,80
967,424,80
968,432,80
969,440,80
970,464,64
971,472,64
972,440,64
973,448,64
974,456,64
1025,48,88
1040,0,88
1041,8,88
1042,16,88
1043,24,88
1044,32,88
1045,40,88
1046,56,88
1047,64,88
1048,72,88
1049,80,88
1050,88,88
1051,96,88
1052,104,88
1053,112,88
1054,120,88
1055,128,88
1056,136,88
1057,144,88
1058,152,88
1059,160,88
1060,168,88
1061,176,88
1062,184,88
1063,192,88
1064,200,88
1065,208,88
1066,216,88
1067,224,88
1068,232,88
1069,240,88
1070,248,88
1071,384,56
1072,256,88
1073,264,88
1074,272,88
1075,280,88
1076,288,88
1077,296,88
1078,312,88
1079,320,88
1080,328,88
1081,336,88
1082,344,88
1083,352,88
1084,360,88
1085,368,88
1086,376,88
1087,384,88
1088,392,88
1089,400,88
1090,408,88
1091,416,88
1092,424,88
1093,432,88
1094,440,88
1095,448,88
1096,456,88
1097,464,88
1098,472,88
1099,480,88
1100,488,88
1101,496,88
1102,504,88
1103,384,64
1105,304,88
8211,488,64
8212,360,0
8216,352,48
8217,464,80
8218,472,80
8219,480,80
8220,240,48
8221,248,48
8222,456,80
8224,88,48
8225,96,48
8230,296,32
8240,160,48
8242,336,48
8243,360,48
8249,496,48
8250,504,48
8251,208,48
8361,448,80
8364,144,48
8470,248,32
8482,488,48
8592,232,0
8593,240,0
8594,224,0
8595,248,0
8658,168,48
8660,176,48
8704,24,48
8706,32,48
8730,240,32
8734,56,48
8756,64,48
8757,72,48
8834,40,48
8835,48,48
8978,80,48
9632,256,24
9633,288,24
9650,272,24
9651,304,24
9660,280,24
9661,312,24
9670,400,24
9671,0,16
9675,296,24
9678,208,0
9679,264,24
9733,80,0
9734,400,48
9792,192,48
9794,200,48
9824,384,24
9825,488,80
9826,0,16
9827,408,24
9828,216,102
9829,392,24
9830,400,24
9831,496,80
9834,128,0
9837,216,48
65343,320,48
65372,120,48
12288,256,0
12289,288,16
12290,264,16
12291,288,48
12293,272,48
12294,312,48
12296,408,48
12297,416,48
12298,424,48
12299,432,48
12300,272,16
12301,280,16
12302,272,32
12303,280,32
12304,384,48
12305,392,48
12306,184,48
12316,256,16
12317,264,48
12319,256,48
65344,344,48
12353,312,32
12354,392,32
12355,320,32
12356,400,32
12357,328,32
12358,408,32
12359,336,32
12360,416,32
12361,344,32
12362,424,32
12363,432,32
12364,256,40
12365,440,32
12366,264,40
12367,448,32
12368,272,40
12369,456,32
12370,280,40
12371,464,32
12372,288,40
12373,472,32
12374,296,40
12375,480,32
12376,304,40
12377,488,32
12378,312,40
12379,496,32
12380,320,40
12381,504,32
12382,328,40
12383,0,40
12384,336,40
12385,8,40
12386,344,40
12387,376,32
12388,16,40
12389,352,40
12390,24,40
12391,360,40
12392,32,40
12393,368,40
12394,40,40
12395,48,40
12396,56,40
12397,64,40
12398,72,40
12399,80,40
12400,376,40
12401,416,40
12402,88,40
12403,384,40
12404,424,40
12405,96,40
12406,392,40
12407,432,40
12408,104,40
12409,400,40
12410,440,40
12411,112,40
12412,408,40
12413,448,40
12414,120,40
12415,128,40
12416,136,40
12417,144,40
12418,152,40
12419,352,32
12420,160,40
12421,360,32
12422,168,40
12423,368,32
12424,176,40
12425,184,40
12426,192,40
12427,200,40
12428,208,40
12429,216,40
12430,232,32
12431,224,40
12434,304,32
12435,232,40
12443,240,40
12444,248,40
12445,296,48
12446,304,48
12449,312,16
12450,392,16
12451,320,16
12452,400,16
12453,328,16
12454,408,16
12455,336,16
12456,416,16
12457,344,16
12458,424,16
12459,432,16
12460,0,32
12461,440,16
12462,8,32
12463,448,16
12464,16,32
12465,456,16
12466,24,32
12467,464,16
12468,32,32
12469,472,16
12470,40,32
12471,480,16
12472,48,32
12473,488,16
12474,56,32
12475,496,16
12476,64,32
12477,504,16
12478,72,32
12479,0,24
12480,80,32
12481,8,24
12482,88,32
12483,376,16
12484,16,24
12485,96,32
12486,24,24
12487,104,32
12488,32,24
12489,112,32
12490,40,24
12491,48,24
12492,56,24
12493,64,24
12494,72,24
12495,80,24
12496,120,32
12497,160,32
12498,88,24
12499,128,32
12500,168,32
12501,96,24
12502,136,32
12503,176,32
12504,104,24
12505,144,32
12506,184,32
12507,112,24
12508,152,32
12509,192,32
12510,120,24
12511,128,24
12512,136,24
12513,144,24
12514,152,24
12515,352,16
12516,160,24
12517,360,16
12518,168,24
12519,368,16
12520,176,24
12521,184,24
12522,192,24
12523,200,24
12524,208,24
12525,216,24
12526,224,32
12527,224,24
12530,304,16
12531,232,24
12532,200,32
12533,208,32
12534,216,32
12539,296,16
12540,384,16
20189,280,48
9524,128,16
9516,136,16
9500,144,16
9532,152,16
9508,160,16
9472,168,16
9474,176,16
9484,192,16
9488,200,16
9492,208,16
9496,216,16
9590,168,96
9591,176,96
9588,184,96
9589,192,96
9531,200,96
9523,208,96
9507,216,96
9547,224,96
9515,232,96
9473,240,96
9475,248,96
9487,256,96
9491,264,96
9495,272,96
9499,280,96
9594,288,96
9595,296,96
9592,304,96
9593,312,96
9527,320,96
9519,328,96
9528,336,96
9520,344,96
9504,352,96
9538,360,96
9512,368,96
9501,376,96
9535,384,96
9509,392,96
57600,0,112
57601,8,112
57602,16,112
57603,24,112
57604,32,112
57605,40,112
57606,48,112
57607,56,112
57608,64,112
57609,72,112
57610,80,112
57611,88,112
57612,96,112
57613,104,112
57614,112,112
57615,120,112
57616,128,112
57617,136,112
57618,144,112
57619,152,112
57620,160,112
57621,168,112
57622,176,112
57623,184,112
57624,192,112
57625,200,112
57626,208,112
57627,216,112
57628,224,112
57629,232,112
57630,240,112
57631,248,112
57632,256,112
57633,264,112
57634,272,112
57635,280,112
57636,288,112
57637,296,112
57638,304,112
57639,312,112
57640,320,112
57641,328,112
57642,336,112
57643,344,112
57644,352,112
57645,360,112
57646,368,112
57647,376,112
57648,384,112
57649,392,112
57650,400,112
57651,408,112
57652,416,112
57653,424,112
57654,432,112
57655,440,112
57656,448,112
57657,456,112
57658,464,112
57659,472,112
57660,480,112
57661,488,112
57662,496,112
57663,504,112
57664,0,120
57665,8,120
57666,16,120
57667,24,120
57668,32,120
57669,40,120
57670,48,120
57671,56,120
57672,64,120
57673,72,120
57674,80,120
57675,88,120
57676,96,120
57677,104,120
57678,112,120
57679,120,120
57680,128,120
57681,136,120
57682,144,120
57683,152,120
57684,160,120
57685,168,120
57686,176,120
57687,184,120
57688,192,120
57689,200,120
57690,208,120
57691,216,120
57692,224,120
57693,232,120
57694,240,120
57695,248,120
57696,256,120
57697,264,120
57698,272,120
57699,280,120
57700,288,120
57701,296,120
57702,304,120
57703,312,120
57704,320,120
57705,328,120
57706,336,120
57707,344,120
57708,352,120
57709,360,120
57710,368,120
57711,376,120
57712,384,120
57713,392,120
57714,400,120
57715,408,120
57716,416,120
57717,424,120
57718,432,120
57719,440,120
57720,448,120
57721,456,120
57722,464,120
57723,472,120
57724,480,120
57725,488,120
57726,496,120
57727,504,120
57856,256,0
57857,8,0
57858,16,0
57859,24,0
57860,32,0
57861,40,0
57862,48,0
57863,56,0
57864,64,0
57865,72,0
57866,80,0
57867,88,0
57868,96,0
57869,104,0
57870,112,0
57871,120,0
57872,128,0
57873,136,0
57874,144,0
57875,152,0
57876,160,0
57877,168,0
57878,176,0
57879,184,0
57880,192,0
57881,200,0
57882,208,0
57883,216,0
57884,224,0
57885,232,0
57886,240,0
57887,248,0
57888,0,96
57889,8,96
57890,16,96
57891,24,96
57892,32,96
57893,40,96
57894,48,96
57895,56,96
57896,64,96
57897,72,96
57898,80,96
57899,88,96
57900,96,96
57901,104,96
57902,112,96
57903,120,96
57904,128,96
57905,136,96
57906,144,96
57907,152,96
57908,160,96
57909,440,48
57910,400,56
57911,496,64
57912,248,80
57913,216,104
57914,168,104
57915,176,104
57916,184,104
57917,192,104
57918,200,104
57919,208,104
57920,0,104
57921,8,104
57922,16,104
57923,24,104
57924,32,104
57925,40,104
57926,48,104
57927,56,104
57928,64,104
57929,72,104
57930,80,104
57931,88,104
57932,96,104
57933,104,104
57934,112,104
57935,120,104
57936,128,104
57937,136,104
57938,144,104
57939,152,104
57940,160,104
57941,168,104
57942,176,104
57943,184,104
57944,192,104
57945,200,104
57946,208,104
57952,168,96
57953,176,96
57954,184,96
57955,192,96
57956,200,96
57957,208,96
57958,216,96
57959,224,96
57960,232,96
57961,240,96
57962,248,96
57963,256,96
57964,264,96
57965,272,96
57966,280,96
57967,288,96
57968,296,96
57969,304,96
57970,312,96
57971,320,96
57972,328,96
57973,336,96
57974,344,96
57975,352,96
57976,360,96
57977,368,96
57978,376,96
57979,384,96
57980,392,96
57981,8,96
57982,80,96
57983,88,96
57984,0,16
57985,8,16
57986,16,16
57987,24,16
57988,32,16
57989,40,16
57990,48,16
57991,56,16
57992,64,16
57993,72,16
57994,80,16
57995,88,16
57996,96,16
57997,104,16
57998,112,16
57999,120,16
58000,128,16
58001,136,16
58002,144,16
58003,152,16
58004,160,16
58005,168,16
58006,176,16
58007,184,16
58008,192,16
58009,200,16
58010,208,16
58011,216,16
58012,224,16
58013,232,16
58014,240,16
58015,248,16
58016,256,104
58017,264,104
58018,272,104
58019,280,104
58020,288,104
58021,296,104
58022,304,104
58023,312,104
58024,320,104
58025,328,104
58026,336,104
58027,344,104
58028,352,104
58029,360,104
58030,368,104
58031,376,104
58032,384,104
58033,392,104
58034,0,104
58035,8,104
58036,16,104
58037,24,104
58038,32,104
58039,40,104
58040,48,104
58041,56,104
58042,64,104
58043,72,104
58044,16,96
58045,24,96
58046,32,96
58047,160,104
58048,80,104
58049,88,104
58050,96,104
58051,104,104
58052,112,104
58053,120,104
58054,128,104
58055,136,104
58056,144,104
58057,152,104
58080,256,24
58081,264,24
58082,272,24
58083,280,24
58084,288,24
58085,296,24
58086,304,24
58087,312,24
58088,320,24
58089,328,24
58090,336,24
58091,344,24
58092,352,24
58093,360,24
58094,368,24
58095,376,24
58096,384,24
58097,392,24
58098,400,24
58099,408,24
58100,416,24
58101,424,24
58102,432,24
58103,440,24
58104,448,24
58105,456,24
58106,464,24
58107,472,24
58108,480,24
58109,488,24
58110,496,24
58111,504,24
19968,88,136
19969,152,360
19971,496,264
19975,40,456
19976,328,296
19977,200,256
19978,320,296
19979,184,152
19981,264,424
19982,32,472
19985,352,136
19988,312,168
19990,280,312
19992,88,192
19993,296,432
19998,336,296
20001,264,480
20006,360,432
20013,504,352
20018,104,208
20024,416,176
20025,72,352
20027,368,272
20035,48,400
20037,96,192
20043,64,400
20045,176,392
20046,144,224
20047,480,440
20055,344,296
20057,128,152
20061,448,200
20062,504,224
20063,128,464
20081,424,472
20083,384,392
20094,480,168
20096,336,184
20102,240,480
20104,16,472
20105,40,336
20107,248,264
20108,304,392
20113,472,136
20114,368,224
20116,360,224
20117,40,136
20120,96,496
20121,88,496
20123,496,240
20124,0,128
20129,488,440
20132,8,232
20133,48,136
20134,472,448
20136,392,192
20139,400,192
20140,408,192
20141,200,368
20142,248,480
20154,368,304
20160,248,280
20161,376,304
20167,104,192
20170,368,240
20171,88,160
20175,160,432
20180,376,256
20181,368,256
20182,456,336
20184,272,424
20185,304,320
20195,256,344
20196,32,488
20197,328,128
20206,200,152
20208,184,200
20210,0,360
20214,256,216
20219,424,392
20225,16,184
20234,336,128
20237,376,224
20238,24,184
20239,56,432
20240,264,408
20241,112,192
20250,96,160
20253,176,376
20271,488,400
20276,344,408
20278,40,488
20280,112,304
20282,384,256
20284,256,264
20285,216,152
20291,64,368
20294,472,344
20301,344,128
20302,208,368
20303,256,280
20304,504,240
20305,328,464
20307,72,344
20309,208,152
20313,24,472
20316,456,248
20339,232,152
20341,304,432
20348,16,232
20351,392,256
20355,488,168
20363,48,488
20365,264,264
20379,416,192
20381,352,128
20384,424,192
20385,224,152
20397,16,456
20398,472,424
20399,24,232
20405,128,304
20406,208,480
20415,24,440
20418,328,208
20419,256,336
20420,504,152
20426,448,280
20439,336,336
20445,64,440
20449,120,304
20451,480,448
20462,72,280
20467,264,400
20469,24,424
20472,216,440
20474,136,152
20489,376,328
20491,152,224
20493,360,400
20498,400,376
20502,40,232
20505,32,232
20511,264,272
20515,208,440
20516,304,352
20518,272,216
20523,416,480
20525,16,496
20534,456,200
20537,264,216
20553,360,128
20559,472,432
20572,216,368
20581,280,216
20594,96,272
20596,264,336
20597,224,368
20598,72,208
20605,344,184
20621,496,440
20625,184,216
20632,208,256
20633,304,416
20652,128,248
20653,64,472
20661,120,248
20663,272,288
20670,336,208
20677,272,200
20685,272,384
20687,200,336
20689,432,192
20693,176,448
20698,256,480
20711,344,328
20731,408,432
20736,352,184
20740,80,152
20754,472,272
20767,280,288
20778,336,464
20786,0,464
20801,152,136
20803,32,224
20804,352,208
20805,264,280
20806,160,360
20807,440,192
20808,312,320
20809,48,232
20811,216,240
20813,376,456
20814,216,376
20816,272,264
20826,408,376
20828,368,168
20837,392,392
20840,136,328
20843,216,408
20844,56,232
20845,480,488
20849,456,192
20853,312,432
20854,392,336
20855,32,208
20856,80,376
20860,288,216
20869,168,392
20870,224,144
20874,64,256
20877,136,248
20882,80,448
20887,352,296
20889,152,272
20896,496,168
20901,288,456
20904,312,424
20908,416,376
20916,368,248
20918,136,464
20919,56,488
20932,312,312
20934,504,280
20939,168,360
20940,272,480
20941,424,376
20957,192,200
20961,312,448
20966,104,288
20967,440,344
20970,184,392
20977,312,160
20982,464,192
20984,504,384
20985,440,144
20986,424,280
20989,128,408
20992,432,376
20995,384,304
20998,184,432
20999,200,320
21000,456,168
21002,0,176
21009,344,208
21015,176,488
21021,112,288
21028,352,408
21029,440,432
21033,488,472
21040,152,384
21046,320,312
21047,72,256
21048,296,216
21050,400,256
21051,224,240
21059,232,368
21063,272,336
21066,464,248
21069,104,328
21078,504,440
21083,136,240
21091,304,216
21092,328,248
21093,496,400
21103,64,432
21104,360,296
21106,232,168
21109,352,328
21123,488,160
21127,136,216
21129,128,480
21147,400,480
21151,64,232
21152,240,152
21155,184,488
21161,208,288
21162,360,376
21163,144,240
21169,64,488
21172,352,488
21177,72,232
21182,320,160
21187,248,448
21189,408,360
21191,344,464
21193,32,440
21205,280,384
21208,8,176
21209,208,456
21213,288,288
21215,144,440
21218,328,312
21220,280,200
21223,16,176
21234,248,208
21242,272,272
21246,80,232
21247,40,464
21249,120,464
21250,336,392
21253,224,440
21270,192,152
21271,168,448
21273,56,256
21277,432,328
21280,296,288
21281,480,192
21290,80,416
21305,392,416
21306,472,200
21307,32,136
21311,400,384
21313,272,280
21315,320,320
21319,304,288
21320,384,224
21322,360,408
21329,88,416
21330,376,336
21331,328,344
21332,472,192
21335,264,392
21336,80,352
21338,504,400
21340,184,448
21344,328,320
21350,304,208
21359,328,136
21360,160,136
21361,32,184
21363,280,336
21364,48,192
21365,432,472
21368,144,152
21375,488,192
21380,192,464
21400,424,480
21402,88,232
21407,40,224
21416,0,312
21417,432,136
21421,216,144
21427,48,224
21435,280,192
21442,216,256
21448,488,448
21449,0,248
21450,120,192
21451,352,464
21452,360,328
21453,368,408
21454,32,280
21460,352,280
21462,376,272
21463,480,272
21465,216,288
21467,376,408
21473,0,144
21474,368,328
21475,96,232
21476,160,224
21477,464,200
21481,464,344
21482,456,344
21483,496,192
21484,312,288
21487,248,152
21488,264,344
21489,504,264
21490,416,256
21491,280,136
21494,328,168
21495,152,240
21496,408,256
21507,496,184
21508,504,160
21512,160,240
21513,488,184
21514,176,368
21515,272,136
21516,288,384
21517,296,456
21518,112,232
21519,496,472
21520,224,376
21521,104,232
21531,256,208
21535,432,200
21536,152,448
21542,96,416
21547,424,176
21560,128,192
21561,16,312
21563,192,432
21566,400,224
21570,296,488
21574,232,440
21576,248,368
21577,392,224
21578,232,240
21585,128,392
21608,40,280
21610,488,272
21619,80,456
21628,168,224
21629,304,456
21643,472,248
21644,24,496
21682,416,248
21683,336,160
21693,168,136
21696,32,128
21697,184,424
21705,152,248
21729,176,136
21736,320,288
21737,400,448
21746,32,376
21764,392,136
21766,8,248
21767,136,304
21776,440,376
21782,8,128
21807,320,464
21809,336,288
21822,496,336
21828,336,344
21830,328,288
21839,88,464
21843,360,208
21892,112,328
21897,120,232
21899,176,360
21914,32,176
21916,40,184
21917,240,168
21927,312,216
21930,384,328
21931,504,184
21932,504,192
21936,56,208
21942,8,144
21987,424,256
22022,88,352
22025,256,152
22039,344,288
22040,384,136
22057,456,152
22065,504,296
22082,464,136
22092,176,328
22107,408,168
22120,48,184
22132,200,432
22136,64,392
22138,312,408
22151,496,160
22178,80,400
22234,24,280
22235,432,256
22238,112,160
22240,184,136
22243,232,352
22256,376,240
22258,368,128
22259,504,304
22266,176,224
22269,240,240
22275,88,440
22287,320,216
22290,232,144
22303,376,376
22311,160,128
22312,336,248
22317,368,208
22320,320,352
22338,376,248
22343,288,200
22346,0,448
22352,96,248
22353,128,232
22372,384,240
22374,96,352
22378,136,368
22402,24,312
22411,384,208
22434,136,232
22435,456,160
22475,360,448
22478,368,296
22492,72,400
22495,56,136
22496,280,424
22516,0,304
22519,0,272
22521,368,400
22522,56,184
22524,432,248
22528,272,448
22530,296,384
22533,328,216
22534,80,344
22549,504,336
22564,256,368
22570,40,176
22576,240,144
22577,240,440
22580,376,296
22581,232,376
22586,392,248
22592,320,432
22593,0,488
22602,120,160
22609,184,328
22612,448,376
22615,240,376
22616,456,376
22617,320,408
22618,32,368
22622,160,248
22633,408,144
22635,88,376
22645,392,304
22654,408,280
22659,0,200
22675,152,440
22679,208,336
22684,488,360
22696,192,448
22707,208,432
22718,392,240
22721,416,432
22727,240,352
22730,128,160
22732,384,296
22741,168,240
22763,440,256
22764,400,304
22766,392,328
22768,472,312
22769,96,136
22770,424,400
22775,144,368
22793,480,432
22799,264,152
22805,8,472
22806,328,160
22809,360,280
22810,464,336
22812,144,464
22818,216,456
22823,272,344
22825,96,376
22826,472,336
22827,288,424
22830,448,144
22833,8,272
22839,376,128
22852,248,144
22855,64,184
22856,152,392
22857,248,440
22863,400,328
22865,392,208
22868,288,448
22871,464,376
22885,456,144
22888,352,288
22890,496,344
22894,240,432
22899,224,288
22900,384,376
22909,144,232
22914,400,392
22915,104,416
22916,448,456
22922,432,392
22931,360,184
22934,80,472
22937,176,456
22949,0,344
22952,8,448
22956,248,376
22969,368,448
22971,168,248
22974,360,288
22985,456,256
22987,448,256
22992,192,128
22993,184,224
22995,336,312
22996,384,128
23013,424,136
23014,48,176
23018,352,456
23019,496,416
23030,56,128
23035,192,136
23039,464,256
23041,392,128
23043,16,128
23064,280,456
23072,144,304
23081,40,440
23087,408,224
23100,368,288
23105,360,488
23110,232,400
23130,400,240
23142,296,424
23167,272,456
23186,376,400
23195,504,416
23233,272,152
23241,16,272
23244,336,216
23265,488,352
23305,72,184
23330,392,296
23340,152,368
23344,16,144
23376,472,256
23380,152,232
23383,280,264
23384,408,336
23388,24,264
23389,160,232
23391,456,456
23395,232,184
23396,192,224
23398,136,168
23403,416,336
23429,344,344
23431,288,136
23432,384,272
23433,264,128
23435,416,328
23436,56,176
23437,480,264
23439,168,232
23445,472,376
23447,48,280
23448,64,176
23449,8,360
23450,264,368
23451,184,128
23452,368,184
23453,256,440
23455,72,272
23458,56,192
23459,336,320
23460,24,272
23461,360,464
23470,136,192
23472,176,248
23475,344,160
23476,256,144
23477,376,288
23478,280,152
23481,88,472
23487,368,280
23490,344,272
23492,80,184
23493,40,392
23494,128,456
23500,304,424
23506,504,168
23507,80,208
23515,72,176
23517,152,304
23519,80,256
23521,288,152
23527,480,392
23529,160,304
23534,280,480
23541,184,360
23544,272,312
23546,288,264
23550,88,344
23551,496,272
23553,16,432
23554,344,320
23556,160,272
23558,384,288
23561,400,128
23562,424,336
23563,408,304
23566,304,384
23567,392,288
23569,400,288
23574,352,320
23578,408,288
23588,56,464
23597,200,200
23601,56,280
23610,280,272
23611,104,304
23612,312,392
23613,424,304
23614,312,416
23615,408,392
23616,224,200
23621,288,192
23624,136,208
23626,16,392
23627,88,152
23629,480,256
23633,128,208
23637,104,376
23646,344,336
23648,256,376
23649,120,272
23652,424,328
23653,504,472
23663,72,392
23665,224,256
23696,88,184
23713,56,152
23720,192,328
23721,472,176
23724,120,456
23729,104,344
23731,144,168
23736,432,176
23776,384,384
23777,8,200
23784,0,160
23791,272,440
23792,264,440
23798,480,376
23803,456,280
23815,152,312
23822,424,248
23830,352,160
23849,280,440
23888,440,472
23913,160,312
23919,16,248
23947,488,376
23994,72,488
24012,440,176
24029,360,320
24030,64,280
24033,72,288
24035,0,336
24037,176,232
24038,24,248
24039,184,232
24040,296,192
24046,32,248
24049,200,224
24051,104,456
24052,160,400
24055,192,232
24059,24,176
24061,0,352
24062,296,200
24066,488,256
24067,320,424
24070,384,408
24076,96,184
24086,192,360
24093,272,368
24101,32,312
24107,496,256
24109,72,320
24111,112,344
24112,184,184
24115,200,360
24120,400,296
24125,16,448
24133,80,432
24140,280,448
24149,416,448
24161,184,408
24163,328,432
24178,80,176
24179,336,432
24180,0,400
24184,200,232
24185,88,176
24187,56,224
24188,72,472
24189,368,464
24190,104,184
24193,208,360
24195,208,232
24196,416,288
24199,112,416
24202,424,288
24207,232,288
24213,280,368
24214,288,440
24215,112,376
24218,216,232
24220,328,424
24230,368,376
24231,104,248
24235,208,224
24237,288,368
24245,272,128
24246,152,288
24247,224,232
24248,96,472
24259,272,400
24265,208,488
24266,368,488
24275,0,168
24287,104,424
24288,432,288
24310,264,144
24311,296,368
24314,344,216
24315,136,160
24316,56,400
24319,368,392
24321,48,440
24324,376,488
24330,344,432
24335,440,264
24336,320,392
24339,144,192
24340,216,360
24341,200,136
24343,136,432
24344,232,232
24347,328,352
24351,304,368
24357,176,464
24358,64,224
24359,216,224
24369,352,272
24373,224,360
24375,16,200
24380,448,416
24382,248,352
24394,24,200
24403,88,384
24418,400,208
24422,416,416
24425,184,248
24426,32,424
24427,232,360
24428,192,424
24432,440,288
24433,24,144
24441,200,464
24444,120,416
24448,464,144
24449,344,312
24452,408,208
24453,120,344
24459,80,480
24460,416,224
24464,240,288
24466,264,376
24467,280,280
24471,408,384
24481,424,224
24489,72,432
24490,0,288
24494,320,416
24499,416,384
24500,240,360
24505,40,376
24509,256,184
24515,168,304
24517,456,416
24524,112,184
24525,440,392
24535,504,256
24536,24,448
24537,32,448
24540,472,144
24544,16,360
24555,144,160
24565,8,400
24573,312,240
24594,392,376
24598,336,424
24604,80,488
24605,0,264
24608,128,344
24613,152,192
24615,352,312
24616,272,144
24618,152,160
24623,32,200
24651,216,488
24656,40,200
24658,240,232
24661,248,288
24674,168,160
24677,336,352
24680,408,240
24681,152,152
24685,48,200
24687,288,336
24688,248,168
24693,416,208
24713,32,272
24716,312,368
24724,160,160
24735,432,224
24736,376,464
24739,96,176
24742,176,144
24745,88,400
24746,96,128
24754,128,416
24758,96,464
24764,496,376
24773,408,296
24775,80,392
24785,64,496
24794,320,240
24796,80,320
24799,408,128
24803,440,328
24808,232,256
24816,8,344
24819,448,328
24825,360,272
24833,80,280
24840,280,464
24841,272,464
24847,416,128
24858,40,208
24859,40,128
24863,104,176
24904,296,264
24907,136,344
24908,248,232
24910,176,304
24917,160,440
24930,48,456
24931,112,176
24935,432,208
24936,360,160
24942,216,480
24944,424,128
24950,424,208
24958,272,472
24962,384,464
24974,216,336
24976,224,488
24996,216,432
24999,312,384
25001,440,208
25010,352,216
25014,96,152
25022,120,176
25031,416,240
25040,176,160
25074,248,360
25080,360,216
25098,168,440
25102,288,280
25104,360,312
25105,8,160
25106,184,160
25110,240,128
25114,88,320
25119,144,216
25126,368,320
25135,376,184
25140,144,344
25144,224,224
25147,64,464
25151,40,448
25152,120,288
25159,376,320
25161,136,416
25163,392,272
25165,192,248
25171,16,344
25173,144,432
25176,352,344
25198,224,432
25201,176,128
25206,344,424
25209,144,416
25215,448,288
25216,384,184
25220,456,288
25226,168,400
25233,280,472
25237,504,376
25239,256,232
25240,232,320
25244,280,408
25246,360,344
25259,152,416
25265,296,440
25269,320,368
25273,496,448
25276,480,144
25277,24,360
25285,104,352
25293,0,408
25296,192,160
25298,304,192
25299,368,344
25304,264,232
25305,208,320
25307,464,288
25309,280,400
25312,312,192
25313,8,168
25324,256,168
25325,16,304
25331,368,216
25334,88,256
25335,176,240
25342,88,280
25345,304,264
25351,8,264
25353,280,128
25361,256,360
25369,320,192
25375,56,200
25384,48,128
25387,112,248
25391,184,304
25402,328,368
25405,24,416
25407,472,328
25417,296,336
25420,160,256
25429,96,440
25431,416,360
25436,456,328
25447,304,440
25448,168,272
25454,200,312
25458,376,216
25463,480,288
25466,216,392
25467,16,400
25475,464,328
25480,504,272
25484,472,288
25490,288,400
25496,144,208
25499,176,168
25504,112,480
25505,200,248
25506,112,352
25509,216,320
25511,272,232
25512,40,312
25513,280,144
25514,200,328
25516,464,184
25522,448,208
25524,48,368
25531,480,328
25539,400,336
25551,112,424
25552,336,368
25558,392,464
25562,104,472
25563,128,176
25569,104,128
25582,120,184
25588,288,144
25594,112,472
25613,432,336
25644,392,408
25645,0,384
25658,456,208
25662,480,248
25666,224,320
25688,472,368
25705,328,448
25720,424,456
25722,264,312
25731,152,216
25746,240,256
25754,24,400
25758,320,384
25764,48,376
25771,480,424
25773,176,400
25774,96,256
25776,384,320
25778,200,448
25785,16,168
25793,120,472
25805,488,328
25826,480,368
25830,104,256
25836,392,184
25854,416,296
25903,16,264
25913,200,160
25915,280,232
25918,312,440
25919,368,312
25925,232,224
25935,248,424
25937,160,192
25943,296,400
25945,64,200
25954,136,176
25955,248,256
25958,88,392
25964,464,208
25968,168,312
25972,376,312
25973,488,368
25975,352,424
25991,280,432
25993,40,320
25996,200,424
25998,280,248
26000,160,416
26001,400,408
26007,272,376
26009,288,480
26012,184,272
26017,168,128
26020,312,200
26021,96,320
26023,360,424
26028,344,256
26029,256,352
26031,32,264
26032,192,304
26041,320,440
26044,416,144
26045,40,264
26053,224,480
26059,464,320
26063,360,336
26071,136,184
26082,144,184
26085,376,392
26086,120,352
26087,264,192
26088,48,264
26089,496,328
26092,8,288
26093,120,128
26106,488,144
26114,288,232
26118,432,240
26119,488,288
26124,496,288
26126,312,456
26127,424,240
26131,432,128
26132,104,320
26143,384,312
26144,32,144
26149,464,280
26151,376,448
26152,488,248
26157,504,288
26159,304,312
26172,32,360
26178,312,264
26179,296,232
26187,200,304
26194,192,256
26214,216,160
26217,32,416
26222,368,424
26223,472,208
26228,392,312
26230,0,296
26234,344,352
26241,208,200
26247,304,152
26257,128,288
26262,264,352
26263,288,128
26274,264,360
26278,160,488
26283,352,256
26286,176,440
26292,48,448
26311,136,392
26329,136,288
26332,128,472
26333,72,408
26354,232,200
26355,40,144
26356,304,232
26360,176,288
26361,504,328
26365,216,328
26366,208,328
26367,152,344
26368,144,248
26376,248,216
26377,400,464
26379,328,440
26381,88,432
26388,496,248
26389,432,360
26391,384,488
26395,56,448
26397,272,360
26399,152,184
26408,8,464
26410,88,456
26411,504,448
26412,296,448
26413,112,256
26417,400,272
26420,208,448
26426,128,184
26429,168,192
26441,208,312
26446,0,480
26447,320,128
26448,344,248
26449,440,336
26451,288,272
26454,432,296
26460,280,376
26463,304,336
26465,424,296
26466,32,464
26469,360,472
26477,312,232
26479,304,400
26481,8,384
26485,32,192
26487,192,400
26494,8,296
26495,408,408
26503,328,416
26512,112,320
26517,432,448
26519,432,480
26522,384,448
26524,312,152
26525,56,264
26528,72,496
26530,176,312
26543,240,224
26550,320,152
26561,24,344
26564,352,432
26570,376,416
26575,8,408
26576,64,448
26577,144,176
26579,432,320
26580,296,280
26584,80,368
26586,408,464
26609,40,360
26611,248,464
26612,104,272
26613,504,248
26619,40,248
26622,448,448
26623,464,160
26626,40,368
26627,488,384
26628,48,144
26643,392,320
26646,408,312
26647,216,208
26657,320,232
26658,424,168
26666,360,168
26676,400,320
26680,32,168
26681,440,240
26684,24,168
26685,208,248
26689,176,216
26690,480,208
26691,16,384
26696,296,128
26704,256,200
26705,232,208
26707,152,176
26708,0,192
26716,32,256
26717,464,448
26719,256,256
26727,488,416
26742,112,152
26753,296,480
26757,384,400
26771,152,128
26775,328,232
26786,16,296
26791,440,224
26792,8,480
26799,344,368
26800,224,160
26801,448,240
26806,208,168
26812,24,384
26820,168,184
26825,384,456
26827,160,184
26834,72,448
26842,24,352
26847,32,384
26862,208,304
26866,400,312
26874,160,176
26880,136,496
26885,440,128
26891,264,456
26893,24,304
26894,496,360
26905,216,312
26907,336,168
26908,384,216
26932,8,392
26943,120,368
26954,136,472
26963,24,432
26965,40,344
26970,224,328
26976,272,392
26978,232,392
26989,216,200
26991,16,288
26995,392,400
26997,240,200
27004,392,488
27005,152,168
27010,368,160
27018,400,248
27022,208,144
27028,400,488
27035,216,304
27083,336,232
27084,504,360
27085,8,336
27096,144,472
27097,408,448
27131,56,368
27133,16,336
27147,288,416
27159,104,360
27161,40,424
27167,24,296
27169,432,456
27177,392,216
27178,496,144
27179,192,168
27189,32,296
27193,0,280
27194,344,168
27197,56,352
27211,72,200
27224,8,192
27231,176,184
27233,496,384
27263,200,168
27264,272,352
27278,448,224
27347,312,488
27355,112,208
27368,176,408
27396,448,472
27421,400,136
27424,192,216
27425,320,264
27427,320,200
27431,504,144
27442,288,472
27450,400,184
27453,328,200
27454,168,176
27468,328,152
27470,128,352
27475,176,176
27490,64,264
27491,416,312
27492,352,240
27494,488,424
27497,104,440
27498,40,496
27503,240,264
27507,216,248
27508,168,488
27515,72,264
27526,264,448
27529,24,288
27530,408,272
27531,360,256
27542,32,304
27572,0,152
27573,280,352
27578,120,256
27579,40,168
27583,184,376
27589,192,184
27597,184,440
27598,392,448
27602,464,384
27604,168,416
27608,336,416
27611,464,456
27663,80,264
27665,192,456
27671,200,184
27700,48,312
27703,48,424
27704,56,144
27710,416,408
27712,352,368
27713,304,280
27714,176,192
27726,424,408
27728,424,264
27735,184,176
27738,424,144
27741,296,392
27743,344,232
27744,352,352
27760,480,336
27762,184,192
27770,200,216
27773,208,184
27779,296,472
27784,440,360
27788,96,392
27795,160,208
27798,64,152
27801,48,248
27809,256,448
27810,376,344
27819,0,456
27827,336,152
27832,152,432
27833,288,464
27835,336,264
27836,40,296
27839,296,144
27841,80,200
27849,408,320
27850,16,408
27852,176,416
27861,336,440
27873,344,440
27874,200,400
27875,192,192
27877,464,368
27880,48,360
27888,160,344
27891,64,144
27915,152,472
27927,424,320
27931,392,472
27934,328,384
27941,480,360
27945,72,144
27946,352,232
27954,96,280
27963,264,168
27966,208,400
27969,136,480
27972,440,296
27973,416,320
27996,208,424
28006,440,136
28009,360,232
28010,408,488
28012,432,160
28014,376,424
28020,304,472
28023,232,160
28024,224,304
28040,48,296
28044,424,464
28057,8,488
28059,64,384
28060,424,384
28079,376,160
28082,144,144
28092,304,480
28096,328,472
28107,440,480
28113,376,280
28120,48,384
28129,136,352
28139,216,136
28145,232,304
28147,32,288
28149,128,432
28151,456,240
28155,120,376
28165,424,312
28167,272,168
28168,224,248
28169,56,296
28171,312,280
28179,488,208
28186,144,288
28187,72,224
28192,328,192
28193,288,376
28197,112,128
28198,376,136
28201,160,152
28204,312,336
28207,368,232
28234,144,456
28246,248,224
28248,64,296
28251,144,352
28263,416,464
28271,56,384
28286,144,496
28287,40,272
28288,56,456
28300,232,408
28304,80,224
28310,40,288
28316,144,480
28317,376,232
28322,104,136
28342,160,472
28346,24,376
28357,368,456
28363,328,264
28369,280,168
28381,312,344
28382,168,344
28404,496,368
28417,368,192
28418,56,424
28422,48,272
28425,288,240
28431,416,488
28436,304,144
28437,24,336
28448,80,408
28450,192,176
28451,232,488
28459,64,456
28460,72,368
28472,120,328
28485,208,176
28500,208,216
28508,440,320
28511,224,168
28516,48,288
28526,280,360
28528,128,368
28548,256,312
28567,200,176
28593,192,376
28608,160,216
28609,416,344
28611,96,400
28640,184,240
28641,456,392
28651,456,472
28655,384,344
28693,216,424
28702,56,392
28710,112,360
28711,320,344
28716,288,312
28760,208,392
28779,344,152
28783,72,384
28784,240,160
28792,200,192
28796,296,272
28797,232,248
28809,320,488
28810,56,312
28814,312,144
28845,152,352
28857,168,376
28858,448,128
28872,192,488
28879,296,136
28921,352,440
28948,320,144
28954,232,432
28961,224,456
28966,80,296
28982,128,328
28988,72,296
29001,240,488
29006,448,320
29017,328,144
29028,400,400
29031,88,296
29033,0,416
29038,192,272
29053,456,320
29066,192,208
29076,168,472
29087,416,280
29105,504,392
29123,32,400
29128,80,384
29136,448,480
29141,336,144
29157,32,336
29158,264,256
29165,40,304
29190,88,408
29226,168,368
29237,304,272
29238,384,424
29242,152,464
29245,408,328
29246,344,264
29255,488,432
29256,432,408
29260,320,400
29266,288,360
29273,16,160
29275,272,192
29277,360,456
29279,232,456
29281,120,152
29282,424,488
29287,216,448
29289,168,432
29298,432,312
29305,432,384
29309,400,216
29312,248,248
29344,408,184
29356,408,216
29359,440,408
29366,448,296
29378,88,200
29392,256,224
29399,480,200
29401,232,328
29403,336,240
29417,416,272
29420,472,384
29421,96,200
29432,40,352
29436,432,488
29437,408,400
29467,472,456
29471,312,480
29482,120,360
29483,496,392
29486,416,216
29494,432,464
29495,440,464
29503,344,144
29508,280,240
29509,88,264
29539,320,280
29554,48,168
29572,88,224
29575,88,480
29577,248,200
29579,8,152
29590,488,200
29609,448,176
29618,88,488
29634,352,152
29642,272,256
29645,448,360
29664,424,272
29674,376,208
29677,448,408
29694,96,224
29699,208,192
29702,16,480
29705,152,480
29730,392,344
29747,456,480
29748,336,200
29749,344,416
29750,216,400
29786,456,224
29787,80,144
29790,136,312
29792,504,480
29811,56,248
29827,24,480
29872,216,176
29885,352,264
29916,448,136
29922,64,424
29926,472,168
29942,256,424
29969,304,240
29976,224,176
29978,416,304
29980,136,376
29983,440,312
29987,280,256
29989,432,144
29992,176,472
29995,112,440
30000,200,376
30001,448,464
30002,384,232
30003,240,304
30007,288,352
30010,296,360
30011,24,160
30028,248,160
30031,456,128
30033,200,408
30036,456,408
30041,160,480
30044,424,352
30045,296,312
30048,208,408
30050,464,416
30053,120,480
30054,496,208
30058,40,416
30064,464,128
30067,456,296
30071,256,392
30079,216,184
30091,400,416
30094,248,328
30095,240,328
30097,416,184
30123,152,144
30130,184,416
30137,248,304
30142,56,272
30149,120,424
30151,96,296
30164,360,264
30165,464,240
30168,96,384
30171,16,368
30178,32,480
30185,48,336
30196,360,352
30274,320,480
30284,456,176
30290,296,464
30294,424,432
30330,240,408
30331,296,376
30333,24,408
30334,8,424
30340,504,368
30342,256,160
30343,392,232
30352,144,256
30382,192,416
30399,184,256
30403,312,400
30406,320,448
30408,88,144
30410,160,144
30423,40,384
30427,448,312
30431,320,456
30435,232,176
30436,48,416
30446,24,464
30450,480,456
30452,424,360
30456,56,336
30462,56,288
30465,104,296
30473,352,416
30475,240,176
30476,448,216
30495,256,304
30496,200,456
30522,304,360
30524,464,176
30528,496,352
30561,64,312
30563,440,384
30566,224,448
30629,448,432
30636,472,280
30637,328,480
30643,336,384
30683,240,456
30690,184,464
30693,312,352
30695,472,400
30697,496,200
30701,160,352
30703,104,200
30707,120,320
30722,64,248
30740,424,216
30741,256,248
30757,344,376
30758,264,248
30759,24,192
30770,360,440
30772,224,400
30778,352,376
30783,72,240
30813,112,296
30827,168,480
30828,400,232
30831,432,216
30834,144,408
30849,464,224
30855,360,368
30861,384,160
30865,200,416
30867,360,136
30869,440,248
30871,152,496
30887,432,432
30889,192,320
30906,56,168
30913,368,264
30928,56,416
30952,336,448
30959,80,136
30977,120,296
30990,256,328
31034,376,264
31036,96,488
31038,200,272
31041,320,208
31047,424,184
31048,224,184
31049,96,264
31056,456,464
31062,264,328
31069,384,280
31070,264,304
31074,472,392
31077,128,296
31080,72,424
31085,272,248
31095,104,384
31105,344,200
31108,496,488
31109,144,328
31117,360,152
31118,368,368
31119,96,432
31142,376,192
31152,464,392
31165,352,200
31166,368,152
31167,448,384
31168,104,280
31169,104,264
31179,112,280
31185,296,152
31186,128,424
31192,208,416
31199,272,328
31204,464,400
31206,272,304
31209,464,352
31216,136,296
31227,472,128
31232,240,184
31243,376,368
31246,48,320
31252,160,456
31255,384,416
31258,368,352
31260,336,480
31278,432,272
31282,120,136
31292,376,152
31293,504,208
31295,408,232
31296,248,240
31298,136,440
31302,232,448
31309,128,320
31310,96,144
31311,168,152
31312,88,128
31331,464,296
31339,64,168
31348,216,216
31350,216,192
31354,64,208
31359,472,320
31361,0,392
31363,248,320
31364,0,256
31378,472,352
31379,64,336
31391,152,208
31402,184,208
31406,224,192
31407,184,472
31418,344,136
31427,376,168
31435,96,480
31452,192,480
31456,144,296
31459,480,280
31461,344,384
31466,8,352
31471,168,352
31478,448,192
31481,432,352
31482,464,264
31487,248,176
31496,232,192
31505,152,296
31515,0,376
31520,184,168
31525,472,304
31526,392,424
31532,280,344
31545,48,256
31558,472,416
31560,168,408
31561,112,384
31563,360,200
31567,288,408
31569,440,352
31570,128,384
31572,120,384
31574,8,256
31622,464,432
31623,384,152
31636,32,408
31637,112,456
31639,288,256
31649,256,176
31658,176,352
31661,480,320
31665,136,408
31672,152,408
31680,256,320
31684,496,408
31687,496,432
31689,416,352
31712,88,272
31716,456,384
31725,440,488
31777,264,176
31800,296,416
31806,248,488
31807,192,440
31821,136,320
31859,392,432
31870,72,464
31873,264,200
31874,208,208
31881,248,432
31883,72,312
31885,184,456
31890,176,480
31893,40,408
31895,280,328
31896,40,400
31899,400,280
31903,248,128
31909,448,168
31911,160,296
31934,456,312
31946,264,224
31950,168,328
31958,136,384
31966,256,432
31967,72,336
31968,416,232
31975,344,480
31992,112,264
31995,0,216
31998,248,192
32000,248,184
32004,208,464
32005,424,232
32011,104,464
32013,104,400
32016,0,424
32020,64,288
32023,208,272
32024,432,232
32025,120,264
32026,240,192
32027,264,432
32032,288,328
32033,88,448
32034,16,256
32043,128,264
32044,160,368
32047,16,488
32048,288,248
32051,280,304
32057,168,296
32058,472,240
32066,120,280
32067,104,224
32068,296,328
32076,8,216
32080,224,216
32094,440,232
32097,400,472
32098,216,128
32102,256,192
32113,144,384
32117,264,160
32118,280,320
32121,440,216
32153,16,216
32154,368,336
32156,88,336
32172,8,280
32173,480,128
32177,448,232
32178,488,456
32180,104,368
32187,184,352
32190,224,128
32191,392,456
32202,368,200
32203,216,416
32207,80,336
32209,408,480
32210,160,288
32218,488,320
32224,384,368
32232,504,432
32233,272,176
32236,400,456
32239,488,128
32244,256,488
32257,352,144
32260,248,392
32283,96,408
32286,136,272
32294,328,280
32299,368,440
32302,392,280
32318,144,320
32321,464,408
32330,496,320
32331,24,216
32333,128,280
32340,48,304
32341,152,328
32365,24,456
32368,224,208
32386,296,256
32399,128,376
32566,280,176
32618,352,248
32619,32,216
32622,376,352
32624,272,408
32626,168,288
32629,240,400
32631,224,416
32645,336,472
32650,192,472
32654,360,416
32676,280,208
32680,504,320
32681,432,184
32701,304,136
32705,16,152
32716,312,472
32722,136,280
32736,80,312
32747,480,176
32752,288,176
32763,304,448
32764,320,472
32768,200,472
32769,448,488
32771,464,232
32773,216,272
32780,384,264
32784,96,344
32789,456,232
32791,496,456
32819,392,264
32822,160,464
32829,192,352
32854,464,312
32862,288,432
32865,96,336
32879,264,488
32884,312,360
32887,56,304
32894,456,488
32903,160,408
32905,352,392
32907,504,488
32908,192,408
32918,176,296
32920,440,416
32925,296,176
32929,280,224
32930,136,264
32933,232,416
32937,456,216
32938,96,448
32943,472,232
32945,480,232
32946,64,136
32948,408,248
32954,336,400
32963,496,128
32966,200,352
32972,328,400
32974,176,344
32990,376,440
32993,288,224
32996,224,136
33012,352,384
33016,112,200
33021,112,400
33026,144,264
33029,120,200
33030,56,320
33031,56,496
33032,168,456
33034,152,320
33050,64,192
33073,504,344
33075,120,400
33081,320,360
33102,432,304
33104,400,424
33108,488,232
33109,160,496
33131,440,272
33136,296,240
33144,328,360
33145,104,432
33146,0,328
33151,184,344
33167,496,232
33178,408,424
33180,424,448
33181,424,416
33192,104,448
33203,160,328
33215,128,400
33222,104,152
33235,224,336
33251,288,304
33253,32,160
33256,464,480
33258,400,264
33261,144,280
33267,152,264
33268,384,352
33276,368,136
33288,128,200
33292,288,320
33294,144,272
33303,72,440
33304,408,176
33307,8,328
33308,488,280
33310,496,424
33311,152,280
33322,504,232
33324,472,408
33333,32,344
33334,48,408
33335,112,224
33337,16,328
33351,392,368
33382,304,176
33390,480,240
33391,352,480
33394,64,304
33398,360,144
33419,136,136
33433,416,424
33437,112,272
33445,272,160
33446,136,128
33453,248,400
33455,296,304
33457,392,152
33459,384,440
33464,112,216
33465,376,200
33469,40,160
33477,464,168
33489,368,144
33491,104,488
33492,192,344
33495,136,424
33499,400,152
33509,336,272
33510,504,200
33511,128,360
33515,32,392
33521,112,144
33538,440,456
33540,408,152
33541,432,168
33550,40,216
33564,80,128
33576,128,136
33590,480,352
33592,432,344
33609,104,336
33610,48,216
33615,496,136
33618,0,240
33624,112,336
33655,416,152
33659,72,152
33694,312,176
33707,104,408
33713,368,472
33733,224,312
33738,472,184
33740,384,200
33747,432,152
33750,184,296
33756,296,248
33759,304,376
33769,200,440
33775,424,152
33776,296,224
33777,432,416
33796,360,384
33804,392,440
33806,504,128
33833,480,400
33841,440,168
33853,408,472
33865,208,472
33870,104,480
33879,136,360
33883,288,168
33889,504,424
33891,160,384
33894,128,128
33900,120,336
33905,488,392
33909,72,128
33914,40,432
33931,192,296
33936,160,280
33940,408,264
33945,504,456
33948,160,424
33970,384,168
33976,472,296
33980,128,336
33988,448,352
33993,216,472
33995,392,160
34001,152,456
34028,400,440
34030,272,488
34048,80,272
34065,456,432
34067,72,456
34074,408,136
34086,96,368
34093,232,136
34101,232,336
34109,368,432
34115,64,416
34121,200,296
34122,128,272
34126,136,200
34135,48,432
34152,128,496
34153,168,384
34154,0,432
34180,56,408
34199,376,144
34201,192,392
34214,24,328
34217,128,256
34218,304,304
34219,264,208
34220,216,464
34222,256,464
34223,184,288
34241,120,496
34253,464,472
34276,176,384
34281,480,408
34295,192,288
34299,136,336
34311,304,328
34349,472,472
34382,304,224
34384,72,192
34394,336,192
34396,232,480
34398,48,208
34411,56,360
34425,360,392
34427,200,128
34442,496,152
34453,304,256
34468,152,400
34503,248,272
34507,208,352
34509,56,216
34510,472,160
34521,448,160
34532,328,408
34541,168,424
34542,72,416
34552,448,344
34558,48,160
34562,408,440
34584,392,352
34588,136,456
34633,296,320
34635,464,488
34645,88,304
34662,440,152
34678,336,360
34687,456,400
34701,0,472
34746,344,472
34809,280,160
34811,440,184
34880,232,216
34886,168,280
34892,8,240
34899,432,280
34903,400,160
34907,120,144
34909,208,296
34913,16,240
34915,0,136
34920,80,424
34928,88,312
34935,64,360
34943,392,200
34952,312,208
34955,200,344
34966,384,336
34987,240,416
34996,272,224
34999,256,128
35009,304,248
35010,200,488
35013,144,336
35023,40,480
35029,464,464
35036,120,440
35039,88,248
35041,48,480
35059,216,296
35064,352,472
35069,480,312
35070,248,312
35079,112,432
35088,296,168
35090,416,440
35158,24,152
35167,400,200
35186,176,280
35199,488,312
35201,224,472
35206,120,432
35207,184,400
35211,464,216
35215,264,184
35222,160,264
35223,144,400
35226,72,168
35239,480,472
35242,312,304
35251,320,176
35282,80,168
35299,104,160
35302,72,304
35328,120,224
35330,400,368
35336,64,216
35338,440,304
35342,184,384
35347,272,208
35351,400,344
35352,272,184
35359,224,296
35363,240,216
35370,424,440
35373,240,320
35377,344,192
35379,224,464
35380,312,328
35386,320,304
35387,72,360
35388,232,296
35408,72,248
35409,488,336
35412,240,296
35413,88,424
35422,168,264
35424,128,144
35427,72,216
35430,184,264
35433,176,264
35435,112,496
35438,32,328
35440,16,192
35441,32,496
35442,408,160
35443,248,296
35463,312,224
35465,40,472
35468,192,264
35469,448,392
35475,504,312
35477,216,352
35480,472,464
35486,472,224
35488,496,312
35492,480,224
35500,264,320
35501,480,384
35504,64,352
35506,448,152
35513,248,416
35516,448,184
35519,344,360
35527,296,352
35531,0,320
35532,328,176
35535,480,304
35538,360,480
35542,8,496
35548,352,360
35558,408,368
35565,304,464
35566,200,264
35576,200,288
35578,128,224
35582,424,344
35584,112,448
35585,184,144
35586,8,136
35588,192,384
35598,200,392
35609,472,216
35611,24,240
35613,224,272
35617,232,472
35628,16,424
35641,408,200
35672,448,264
35676,424,424
35686,80,216
35696,456,184
35698,480,296
35703,488,224
35715,312,256
35728,184,280
35895,32,352
35910,200,384
35914,432,440
35930,104,392
35937,256,296
35946,192,240
35961,96,424
35980,120,448
35997,304,160
35998,240,368
36000,432,424
36001,360,248
36002,32,240
36007,224,424
36008,464,152
36009,488,408
36011,336,176
36012,160,320
36015,144,360
36016,80,464
36020,280,184
36023,416,400
36024,208,344
36027,256,416
36028,144,376
36031,128,448
36032,56,160
36034,328,488
36035,456,360
36036,48,496
36039,208,264
36042,352,336
36046,40,328
36049,344,392
36051,232,424
36059,320,256
36060,216,264
36062,264,296
36064,432,400
36066,480,216
36070,440,424
36074,64,272
36077,312,376
36092,40,240
36104,240,336
36107,488,176
36196,168,320
36198,176,272
36203,88,168
36208,152,336
36212,448,424
36215,288,184
36229,360,360
36234,192,144
36259,448,272
36264,184,312
36275,320,336
36317,352,192
36321,176,320
36328,320,224
36335,336,488
36339,368,360
36341,48,328
36362,240,472
36367,208,384
36420,416,368
36447,184,320
36468,192,280
36493,232,464
36523,328,304
36527,0,208
36554,232,272
36556,296,184
36557,288,208
36562,488,216
36575,280,392
36578,152,376
36600,472,264
36605,88,216
36611,96,168
36617,312,248
36628,128,440
36637,304,184
36649,344,400
36650,472,480
36655,200,280
36664,312,464
36671,48,472
36676,304,168
36685,56,376
36703,200,240
36705,176,208
36763,336,304
36766,416,264
36784,488,344
36785,96,304
36786,136,400
36794,0,440
36795,88,368
36796,344,240
36799,16,352
36802,312,136
36804,8,456
36805,448,304
36814,120,216
36817,416,200
36820,8,440
36838,472,152
36841,328,392
36843,64,408
36845,64,376
36848,440,280
36855,328,456
36861,0,368
36864,216,344
36865,160,336
36867,216,384
36870,80,192
36879,224,384
36880,456,352
36883,424,368
36884,320,376
36887,8,312
36889,448,400
36890,24,368
36893,8,320
36895,328,336
36896,248,336
36898,64,128
36899,280,488
36910,224,344
36913,208,280
36914,344,304
36920,112,136
36924,480,416
36929,112,392
36930,96,312
36933,400,352
36935,88,208
36938,480,464
36939,480,136
36941,16,440
36942,480,152
36947,368,384
36948,480,344
36949,16,136
36956,448,336
36960,384,144
36961,328,328
36963,496,216
36965,248,472
36969,8,376
36973,168,336
36974,240,272
36981,80,288
36983,64,328
36984,56,328
36986,24,136
36988,368,480
36991,264,416
36996,344,176
37009,488,464
37027,160,392
37030,440,440
37034,256,272
37048,432,368
37057,72,136
37066,48,240
37070,472,488
37089,296,208
37096,8,432
37101,104,168
37109,496,464
37111,144,200
37117,328,376
37165,440,368
37193,48,392
37195,216,280
37196,312,272
37197,352,400
37198,80,360
37202,456,272
37204,104,312
37218,496,304
37226,416,472
37228,224,280
37237,56,240
37239,256,240
37240,328,256
37255,88,288
37261,288,344
37264,496,224
37266,16,320
37271,248,408
37276,240,280
37284,272,296
37304,488,296
37318,504,408
37319,240,248
37320,320,272
37324,56,480
37325,336,280
37326,168,464
37327,376,480
37329,424,200
37336,448,368
37340,392,168
37341,352,304
37347,184,368
37350,240,448
37351,120,208
37389,144,392
37390,480,160
37428,112,488
37431,328,224
37444,72,376
37467,392,144
37474,224,408
37478,280,296
37489,64,240
37502,136,448
37504,440,200
37507,344,280
37509,376,384
37521,80,328
37528,336,456
37530,376,360
37549,72,328
37586,448,440
37604,256,288
37610,80,440
37613,136,144
37618,152,424
37619,88,360
37624,360,192
37628,80,240
37638,168,256
37648,112,312
37656,120,312
37664,496,296
37670,304,200
37672,144,424
37675,328,272
37676,288,488
37679,24,256
37682,0,496
37707,224,392
37709,336,376
37716,112,368
37723,224,352
37740,240,208
37749,504,216
37758,288,296
37772,400,168
37782,80,248
37783,176,336
37786,8,368
37799,416,160
37806,464,360
37841,16,376
37857,152,200
37912,296,296
37913,232,384
37944,408,344
37969,352,176
37971,264,464
38263,384,360
38272,112,464
38275,88,328
38281,376,432
38283,288,160
38287,456,136
38289,368,176
38291,360,176
38306,376,176
38307,112,168
38308,88,240
38309,296,408
38322,200,144
38343,304,128
38360,264,384
38428,456,424
38442,384,248
38450,144,448
38459,320,328
38463,24,128
38464,48,344
38468,464,424
38477,96,240
38480,136,224
38491,384,432
38498,240,136
38499,456,304
38500,264,288
38501,384,176
38506,440,400
38512,248,136
38515,472,360
38517,384,480
38518,240,384
38520,72,480
38522,0,224
38525,256,472
38533,96,208
38534,184,480
38536,200,208
38538,232,344
38542,296,160
38543,128,312
38548,120,168
38553,168,216
38555,320,248
38556,304,296
38560,256,136
38563,480,480
38583,120,488
38587,64,320
38588,336,408
38592,240,312
38593,496,176
38596,504,464
38597,64,160
38598,232,280
38599,336,224
38604,224,264
38609,136,256
38619,192,312
38626,64,480
38627,288,392
38632,320,136
38634,272,320
38635,488,264
38640,272,432
38642,488,136
38646,128,488
38647,384,472
38651,208,376
38656,16,280
38663,360,304
38666,136,488
38684,184,336
38686,488,152
38695,248,456
38706,344,488
38738,24,320
38742,240,464
38745,32,320
38750,272,416
38754,408,456
38761,128,168
38765,464,304
38772,168,208
38788,352,168
38797,312,128
38808,312,296
38816,480,184
38829,56,440
38867,392,176
38894,416,392
38899,176,152
38907,264,136
38911,160,200
38913,400,432
38914,392,360
38915,360,240
38917,104,240
38918,96,288
38920,488,304
38928,56,472
38929,504,176
38930,8,416
38931,120,392
38935,232,312
38936,392,480
38938,96,216
38956,160,448
38957,248,384
38964,104,144
38971,240,424
38972,376,472
38988,296,344
38989,160,168
38990,168,168
38996,0,184
38997,8,224
39000,8,184
39003,160,376
39006,24,488
39015,344,224
39080,32,432
39131,280,416
39135,80,304
39138,312,184
39151,16,416
39154,208,136
39156,208,128
39164,232,264
39165,456,440
39166,8,304
39173,48,464
39178,264,472
39180,504,136
39184,336,256
39187,72,160
39208,400,176
39255,168,200
39318,464,272
39321,112,240
39336,440,160
39340,256,400
39347,408,352
39348,240,392
39361,112,408
39364,56,344
39365,168,144
39366,8,208
39368,16,208
39376,96,360
39378,24,208
39381,80,160
39423,496,280
39438,320,184
39442,192,336
39443,16,224
39464,64,344
39472,256,384
39514,176,200
39592,328,240
39608,424,160
39620,144,312
39640,120,240
39658,256,408
39661,408,416
39740,328,184
39745,208,160
39746,488,240
39749,96,456
39764,344,448
39770,384,192
39791,304,488
39822,232,128
39826,176,432
39850,440,448
39851,176,256
39853,40,256
39854,96,328
39881,0,232
39894,152,256
39899,248,344
39912,128,216
39925,144,128
39949,216,168
39952,104,496
39981,176,424
39983,144,136
39993,320,168
39995,416,136
40008,48,352
40018,456,448
40023,488,480
40165,400,360
40169,304,408
40179,464,440
40180,344,456
40182,24,392
40199,392,384
40206,40,152
40219,400,144
40232,416,168
40235,456,264
40236,32,152
40251,128,240
40284,336,136
40288,264,240
40289,256,456
40300,472,440
40335,104,216
40372,192,368
40434,80,496
40441,304,344
40442,448,248
40568,24,224
40575,432,264
40595,488,488
40599,144,488
40607,496,480
40614,120,408
40633,208,240
40634,416,456
40635,352,448
40639,32,456
40644,48,152
40653,40,192
40658,272,240
40665,16,464
40667,240,344
40718,456,368
40723,352,224
40736,336,328
40763,368,416
40802,152,488
40845,200,480
65280,256,0
65281,264,0
65282,272,0
65283,280,0
65284,288,0
65285,296,0
65286,304,0
65287,312,0
65288,320,0
65289,328,0
65290,336,0
65291,344,0
65292,352,0
65293,360,0
65294,368,0
65295,376,0
65296,384,0
65297,392,0
65298,400,0
65299,408,0
65300,416,0
65301,424,0
65302,432,0
65303,440,0
65304,448,0
65305,456,0
65306,464,0
65307,472,0
65308,480,0
65309,488,0
65310,496,0
65311,504,0
65312,0,8
65313,8,8
65314,16,8
65315,24,8
65316,32,8
65317,40,8
65318,48,8
65319,56,8
65320,64,8
65321,72,8
65322,80,8
65323,88,8
65324,96,8
65325,104,8
65326,112,8
65327,120,8
65328,128,8
65329,136,8
65330,144,8
65331,152,8
65332,160,8
65333,168,8
65334,176,8
65335,184,8
65336,192,8
65337,200,8
65338,208,8
65339,216,8
65340,224,8
65341,232,8
65342,240,8
65343,248,8
65344,256,8
65345,264,8
65346,272,8
65347,280,8
65348,288,8
65349,296,8
65350,304,8
65351,312,8
65352,320,8
65353,328,8
65354,336,8
65355,344,8
65356,352,8
65357,360,8
65358,368,8
65359,376,8
65360,384,8
65361,392,8
65362,400,8
65363,408,8
65364,416,8
65365,424,8
65366,432,8
65367,440,8
65368,448,8
65369,456,8
65370,464,8
65371,472,8
65372,120,48
65373,488,8
65374,256,16
